per_model

time = seed = 1

[5.47268660e-18 8.77748529e-21 4.21441713e-27 4.27064334e-27 4.09481980e-27 3.32819973e-27 2.97229732e-19 3.95620215e-27 4.35796732e-27 3.58373731e-27 3.47132078e-27 3.98266924e-27 3.96655287e-27 5.12849029e-27 4.54673849e-27 4.42211552e-27 3.45429864e-27 4.24968614e-27 1.74535563e-19 4.24144472e-18 3.84596500e-27 4.62816450e-27 4.40875582e-27 4.23852518e-27 4.24705455e-27 5.10647985e-22 3.96934547e-27 4.29539666e-27 3.73537965e-27 3.94365550e-27 3.60097150e-27 5.48242305e-27 5.18990049e-27 3.92671924e-27 4.04296626e-27 4.21612874e-27 5.09401349e-27 3.59771109e-27 3.40579602e-27 4.71460101e-27 4.41401917e-27 4.53696093e-27 3.94401564e-27 5.67197387e-19 4.59315803e-27 5.19152487e-27 5.22455182e-27 3.29080799e-27 4.05396235e-27 4.64725663e-27]
[ 47.51783554 327.92705984  48.42377582 121.69956305  47.88636239 114.88191837  44.44378737  41.17166278  47.96385175  47.16095884  46.05860712 111.96562332  49.09349243  48.06201977  47.48374872  46.85670207  48.6560199   48.38808463 110.05873723  48.81456312 105.20631626  46.71678226  48.4562636   47.65408301  48.65572529  46.01125739  45.44612001  44.76506745  46.92430483  47.44218002  48.42067203  48.30208028  48.22891982  48.33661983  49.04072548  44.83312522  47.33013485  47.69995383  48.0529057   48.99878823 125.01786445  49.08484593  46.57905886 108.52442587  47.57719456  47.90052389 113.87881224  39.20874263  48.43102871  49.16594938]
[161.18287245 130.33934883 163.17287154 157.20280714 148.24835383 170.13724523 112.430234   146.25858249 148.24854627 142.27877672 185.06148936 216.90030678 125.36434538 231.82383577 119.3948498 114.42006963 173.12224374 121.38463126 186.05642767 199.98581934 192.02639594 178.09709859 123.37463538 187.05173233 155.21305152 148.24838373 107.45537643 193.02122786 176.10707548 139.29381336 140.28885341 188.04648826 136.30906781 170.13751931 153.22314352 234.8095104  149.24331234 140.28879265 150.23826363 202.97069185 239.78368341 167.15267292 170.13743813 124.36963501 166.15731045 130.33931868 141.28375689 202.97063052 178.09693303 193.0210534 ]
[8.08863205e-21 4.70937727e+01 4.77837503e-09 4.03838901e-27 1.35730771e+02 4.65874450e-10 5.08281955e-27 3.22138764e+02 1.02708199e+00 4.06511734e-27 4.60710659e+01 2.11599627e-11 5.47587797e-27 1.24253982e+03 2.13162821e-14 5.29524809e-27 4.83942450e+01 2.13162821e-14 3.59095108e-27 4.86759202e+01 3.05076703e-05 5.00008608e-27 1.30539591e+02 2.13162821e-14 4.82847450e-27 4.88449039e+01 6.33603747e-09 1.28347265e-19 1.13058026e+02 1.56128303e+00 3.39880721e-27 1.14586292e+02 3.70796727e-11 3.95189500e-27 1.38926569e+03 1.17043797e-09 3.55834585e-27 1.18722644e+03 1.34573241e-10 2.85095775e-16 2.08237910e+02 8.79051284e-01 5.48737809e-27 9.96411153e+01 1.02708199e+00 3.82592609e-27 4.63895467e+01 1.56128303e+00 3.56895465e-27 1.42098939e+02]
[1.13424918e+02 1.96976103e-02 1.43178348e+01 1.55213214e+02 2.43955226e-07 1.47089786e+01 1.16409947e+02 9.85755712e-03 3.01794732e+01 1.66157270e+02 1.95578643e-06 2.91343007e+01 1.74117143e+02 9.73963803e-08 3.70930732e+01 1.66167806e+02 7.07096657e-07 2.02964868e+01 1.27354391e+02 2.57369267e-08 1.66641553e+01 1.50238400e+02 2.06676032e-08 1.74545245e+01 1.44268690e+02 2.26504937e-09 2.60661644e+01 1.53223225e+02 7.39692993e-03 1.34384196e+01 1.14420080e+02 4.15419588e-10 1.38317355e+01 1.42278604e+02 1.43629553e-10 1.94282895e+01 1.47253496e+02 3.42753037e-09 2.56422230e+01 1.52228398e+02 8.25423940e-09 1.06572584e+01 1.71132408e+02 5.96728367e-09 1.52418553e+01 1.42278736e+02 1.60747923e-08 1.91896231e+01 1.46258445e+02 3.21554136e-08]
[4.76234055e+01 1.46040076e-07 6.72655004e+03 4.67246504e+01 1.67372849e-09 7.66069776e+03 4.72079043e+01 1.51369512e-07 7.37160468e+03 4.76751801e+01 6.89151847e-10 7.66253670e+03 4.78023081e+01 5.02260419e-08 8.23995473e+03 2.54578746e+02 1.80360760e-09 6.17284414e+03 4.02702782e+01 1.23127857e-08 7.46704098e+03 4.91010523e+01 1.80081964e-07 7.38668531e+03 4.55679298e+01 7.39627746e-03 6.02433438e+03 4.65673946e+01 7.39657022e-03 6.99908144e+03 4.91055016e+01 1.15608086e-08 6.57882228e+03 1.11316159e+02 1.02287068e-10 6.75086230e+03 4.79906872e+01 8.88050755e-09 7.41949760e+03 4.83129116e+01 2.62021746e-07 6.97841255e+03 4.62969446e+01 9.02812358e-09 8.46881130e+03 3.29980812e+02 3.84546550e-08 9.12938355e+03 1.73764998e+02 6.43712084e-10]
[4.97392385e-08 1.47253430e+02 3.00046803e+01 2.13162821e-14 1.90036361e+02 3.58942180e+01 5.43746843e-08 2.04960854e+02 2.11713875e+01 1.55644386e-11 1.26359432e+02 2.25141760e+01 2.13162821e-14 1.45263573e+02 3.95181367e+01 1.02708201e+00 1.92026451e+02 2.99718462e+01 1.15514850e+00 1.32329262e+02 2.90370355e+01 2.48689958e-14 1.90036529e+02 2.03304668e+01 2.13162821e-14 1.30339329e+02 3.01381281e+01 1.02708199e+00 1.59192919e+02 1.75377524e+01 1.47099966e+00 1.41283669e+02 2.20642706e+01 1.02708199e+00 1.44268675e+02 2.51087655e+01 2.48689958e-14 1.70137514e+02 2.85003927e+01 7.98659414e-08 1.32329324e+02 3.33623584e+01 1.17821191e-07 1.03475581e+02 2.48475834e+01 5.84808646e-10 1.39293925e+02 3.24732963e+01 1.47099967e+00 1.46258542e+02]
[4.72221976e+01 1.99261690e+01 1.32329277e+02 7.39610732e-03 2.28896573e+01 4.72116313e+01 2.92494917e-11 1.68147616e+02 2.79035780e-08 3.20888833e+01 4.51125871e+01 1.99759365e+01 1.37305777e+02 3.53984176e-08 3.12816941e+01 4.67704450e+01 1.98471053e+01 1.79092024e+02 7.04567793e-09 3.01531142e+01 4.61773066e+01 9.79873960e-11 1.97996165e+02 4.64998940e-07 2.73152235e+01 2.01359986e+03 1.99774733e+01 1.38298981e+02 3.49347662e-10 3.54636301e+01 4.75661101e+01 1.99294525e+01 1.89041473e+02 3.00256708e-10 3.14223887e+01 4.90993366e+01 4.32542890e-11 2.09935583e+02 1.17067255e-08 2.75572098e+01 1.62823114e+02 1.99719978e+01 1.39293793e+02 3.82384135e-09 3.48974924e+01 4.84804316e+01 1.15514851e+00 2.16899944e+02 1.60453397e-08 3.05024435e+01]
[2.54237309e+02 8.79051232e-01 2.15904711e+02 7.39622561e-03 2.74461747e+01 4.34188938e+03 4.52002339e+01 1.99211643e+01 1.97995865e+02 9.85745254e-03 2.92800345e+01 5.42861309e+03 4.74832405e+01 1.02708199e+00 1.37303906e+02 1.25495963e-08 3.39889884e+01 4.64686021e+03 4.90327933e+01 1.99671606e+01 1.78101337e+02 5.91129368e-11 3.66463941e+01 5.92075567e+03 2.01318192e+02 1.98433514e+01 1.44268364e+02 1.69842229e-09 3.37381400e+01 5.98438619e+03 4.50869148e+01 1.99180586e+01 9.15360820e+01 9.85736871e-03 4.19359840e+01 5.74650670e+03 4.67063496e+01 1.09057297e-09 1.80086821e+02 7.56881857e-09 3.41087439e+01 3.34635431e+03 3.01647712e+02 1.98178525e+01 1.62189038e+02 1.02122233e-09 3.15383955e+01 6.08028618e+03 3.63471804e+02 1.99044644e+01]
[1.99654147e+01 2.05955548e+02 2.66395561e-09 3.06842930e+01 6.98792725e+03 1.99541200e+01 1.89041305e+02 3.36385686e-08 2.55576539e+01 6.33100726e+03 2.75793257e-06 1.74117148e+02 8.06727474e-09 2.81061460e+01 5.79077268e+03 2.00076963e+01 8.75562912e+01 9.86849804e-03 2.97551916e+01 6.08843544e+03 1.72661745e+00 1.63172557e+02 1.28837319e-09 2.87934901e+01 4.01348316e+03 2.00040809e+01 1.59192959e+02 1.37466549e-09 4.13842877e+01 5.30530075e+03 1.99112672e+01 1.44268601e+02 6.77862877e-10 2.64979183e+01 3.97025460e+03 1.99334113e+01 1.39293940e+02 2.60507596e-07 3.12378121e+01 8.50927678e+03 2.00576486e+01 1.62200126e+02 3.15389037e-09 2.95216566e+01 4.71030915e+03 1.98918141e+01 1.19394710e+02 3.29737349e-10 2.64579989e+01 5.72907710e+03]
